# KMCs    CPU time    Old energy    New energy     barrier  Total rate   time step    Sim time    Selec Ev   Init Topo    Sad Topo    Fin Topo
# **** ***********    **********   *********** ***********  **********  ********** *********** *********** *********** *********** ***********
     0  0.0000E+00        0.0000    -2332.9802      0.0000  0.0000E+00  0.0000E+00  0.0000E+00           0           0           0           0
     1  0.6739E+04    -2332.9802    -2334.0234      0.2897  0.2392E+12  0.3043E-11  0.3043E-11      171837       54981      307490     1128529
     2  0.7680E+04    -2334.0234    -2334.1047      0.6499  0.2687E+10  0.1945E-09  0.1976E-09      536749       66417      193793      867628
     3  0.8461E+04    -2334.1047    -2334.1045      0.9411  0.9784E+09  0.2066E-08  0.2263E-08      258398      937854       94959      533269
     4  0.9389E+04    -2334.1045    -2334.1135      0.9838  0.5690E+09  0.4320E-08  0.6583E-08      457201      934655       34588     1083515
     5  0.1017E+05    -2334.1135    -2334.1257      1.0521  0.1478E+09  0.4968E-08  0.1155E-07      221081      144929       21919      367817
     6  0.1070E+05    -2334.1257    -2333.9057      0.9133  0.2234E+09  0.3173E-08  0.1472E-07      450443       24072      727209      919492
     7  0.1141E+05    -2333.9057    -2334.1257      0.6934  0.1597E+10  0.1519E-09  0.1488E-07     1078417      919492      727209       24072
     8  0.1144E+05    -2334.1257    -2334.2646      0.9380  0.2233E+09  0.7008E-09  0.1558E-07       46089      983471      769367      815642
     9  0.1211E+05    -2334.2646    -2334.4869      0.0120  0.8614E+13  0.4827E-12  0.1558E-07      169743      650171      875706      816074
    10  0.1370E+05    -2334.4869    -2334.7980      0.2341  0.9783E+12  0.2491E-11  0.1558E-07        5926     1178783      362363      588718
    11  0.1432E+05    -2334.7980    -2335.9480      0.5338  0.2819E+11  0.6734E-10  0.1565E-07      155698      721460     1051842      686032
    12  0.1606E+05    -2335.9480    -2336.1274      0.7910  0.1203E+10  0.4220E-09  0.1607E-07       60408     1120667      607058      426390
    13  0.1699E+05    -2336.1274    -2335.6629      0.6325  0.3331E+10  0.1209E-09  0.1619E-07      175996      392365      681703      933405
    14  0.1768E+05    -2335.6629    -2336.1274      0.1679  0.1164E+13  0.3584E-12  0.1619E-07       52745      933405      681703      392365
    15  0.1779E+05    -2336.1274    -2335.6629      0.6325  0.3333E+10  0.7942E-09  0.1698E-07      175996      392365      681703      933405
    16  0.1792E+05    -2335.6629    -2336.1274      0.1679  0.1168E+13  0.6622E-12  0.1699E-07       52745      933405      681703      392365
    17  0.1803E+05    -2336.1274    -2335.6629      0.6325  0.3333E+10  0.2131E-10  0.1701E-07      175996      392365      681703      933405
    18  0.1816E+05    -2335.6629    -2336.1274      0.1679  0.1168E+13  0.1594E-11  0.1701E-07       52745      933405      681703      392365
    19  0.1828E+05    -2336.1274    -2335.6629      0.6325  0.3467E+10  0.4173E-09  0.1743E-07      175996      392365      681703      933405
    20  0.1841E+05    -2335.6629    -2336.1275      0.1679  0.1168E+13  0.3185E-12  0.1743E-07       52745      933405      681703      392365
    21  0.1853E+05    -2336.1275    -2335.6629      0.6325  0.3467E+10  0.2975E-09  0.1772E-07      175996      392365      681703      933405
    22  0.1866E+05    -2335.6629    -2336.1275      0.1679  0.1172E+13  0.8049E-12  0.1772E-07       52745      933405      681703      392365
    23  0.1878E+05    -2336.1275    -2335.6629      0.6325  0.3467E+10  0.2156E-09  0.1794E-07      175996      392365      681703      933405
    24  0.1890E+05    -2335.6629    -2336.1275      0.1679  0.1172E+13  0.8892E-12  0.1794E-07       52745      933405      681703      392365
    25  0.1902E+05    -2336.1275    -2335.6629      0.6325  0.3466E+10  0.2735E-09  0.1821E-07      175996      392365      681703      933405
    26  0.1915E+05    -2335.6629    -2336.1275      0.1679  0.1168E+13  0.2091E-12  0.1821E-07       52745      933405      681703      392365
    27  0.1928E+05    -2336.1275    -2335.6629      0.6325  0.3466E+10  0.1367E-09  0.1835E-07      175996      392365      681703      933405
    28  0.1941E+05    -2335.6629    -2336.1275      0.1679  0.1168E+13  0.8751E-13  0.1835E-07       52745      933405      681703      392365
    29  0.1954E+05    -2336.1275    -2335.6629      0.6325  0.3466E+10  0.1135E-09  0.1846E-07      175996      392365      681703      933405
    30  0.1967E+05    -2335.6629    -2336.1275      0.1679  0.1168E+13  0.2074E-11  0.1847E-07       52745      933405      681703      392365
    31  0.1980E+05    -2336.1275    -2335.6629      0.6325  0.3466E+10  0.9311E-09  0.1940E-07      175996      392365      681703      933405
    32  0.1993E+05    -2335.6629    -2336.1275      0.1679  0.1168E+13  0.1663E-11  0.1940E-07       52745      933405      681703      392365
    33  0.2006E+05    -2336.1275    -2335.6629      0.6325  0.3466E+10  0.4044E-10  0.1944E-07      175996      392365      681703      933405
    34  0.2019E+05    -2335.6629    -2336.1275      0.1679  0.1168E+13  0.1501E-11  0.1944E-07       52745      933405      681703      392365
    35  0.2031E+05    -2336.1275    -2335.6629      0.6325  0.3466E+10  0.7876E-09  0.2023E-07      175996      392365      681703      933405
    36  0.2043E+05    -2335.6629    -2336.1275      0.1679  0.1168E+13  0.2833E-12  0.2023E-07       52745      933405      681703      392365
    37  0.2056E+05    -2336.1275    -2335.6629      0.6325  0.3466E+10  0.3523E-09  0.2058E-07      175996      392365      681703      933405
    38  0.2069E+05    -2335.6629    -2336.1275      0.1679  0.1172E+13  0.3175E-13  0.2058E-07       52745      933405      681703      392365
    39  0.2081E+05    -2336.1275    -2335.6629      0.6325  0.3466E+10  0.4926E-10  0.2063E-07      175996      392365      681703      933405
    40  0.2095E+05    -2335.6629    -2336.1275      0.1679  0.1168E+13  0.7558E-12  0.2063E-07       52745      933405      681703      392365
    41  0.2106E+05    -2336.1275    -2335.6629      0.6325  0.3466E+10  0.2880E-11  0.2063E-07      175996      392365      681703      933405
    42  0.2120E+05    -2335.6629    -2336.1275      0.1679  0.1168E+13  0.1575E-13  0.2063E-07       52745      933405      681703      392365
    43  0.2131E+05    -2336.1275    -2335.6629      0.6325  0.3483E+10  0.2589E-09  0.2089E-07      175996      392365      681703      933405
    44  0.2144E+05    -2335.6629    -2336.1275      0.1679  0.1168E+13  0.1037E-12  0.2089E-07       52745      933405      681703      392365
    45  0.2156E+05    -2336.1275    -2335.6629      0.6325  0.3483E+10  0.5201E-10  0.2095E-07      175996      392365      681703      933405
    46  0.2170E+05    -2335.6629    -2336.1275      0.1679  0.1168E+13  0.7060E-13  0.2095E-07       52745      933405      681703      392365
    47  0.2181E+05    -2336.1275    -2335.6629      0.6325  0.3483E+10  0.3187E-09  0.2126E-07      175996      392365      681703      933405
    48  0.2194E+05    -2335.6629    -2336.1275      0.1679  0.1168E+13  0.3152E-13  0.2126E-07       52745      933405      681703      392365
    49  0.2206E+05    -2336.1275    -2336.2816      1.0037  0.3483E+10  0.3064E-09  0.2157E-07      392364       54442     1193990      535016
    50  0.2345E+05    -2336.2816    -2336.0678      1.1578  0.5334E+08  0.3798E-07  0.5955E-07     1113964     1123313     1028966      207572
    51  0.2402E+05    -2336.0678    -2336.2541      0.9980  0.2134E+09  0.3224E-08  0.6278E-07      708306      346119      562242      529839
    52  0.2468E+05    -2336.2541    -2336.6923      0.6545  0.4556E+10  0.3514E-10  0.6281E-07      395711      434914      950180      604569
    53  0.2623E+05    -2336.6923    -2336.6585      0.5250  0.2360E+11  0.2297E-10  0.6284E-07      369358     1150274      545216      168196
    54  0.2745E+05    -2336.6585    -2336.9601      0.4918  0.5346E+11  0.7966E-11  0.6284E-07      292556       24006       54209      534844
    55  0.2855E+05    -2336.9601    -2337.0245      0.5747  0.7460E+10  0.9495E-10  0.6294E-07      806126      593603      342406      594001
    56  0.2945E+05    -2337.0245    -2336.8089      0.6090  0.6961E+10  0.1787E-10  0.6296E-07       28758      144863      159138      209340
    57  0.3019E+05    -2336.8089    -2337.0245      0.3934  0.6388E+11  0.4672E-10  0.6300E-07      123825      209340      159138      144863
    58  0.3020E+05    -2337.0245    -2336.8089      0.6090  0.6965E+10  0.1436E-09  0.6315E-07       28758      144863      159138      209340
    59  0.3020E+05    -2336.8089    -2337.0245      0.3934  0.6388E+11  0.2795E-10  0.6317E-07      123825      209340      159138      144863
    60  0.3021E+05    -2337.0245    -2336.9601      0.6390  0.6965E+10  0.4565E-10  0.6322E-07     1194932      594001      342406      593603
    61  0.3035E+05    -2336.9601    -2337.0246      0.5746  0.1517E+11  0.3261E-10  0.6325E-07      806126      593603      342406      594001
    62  0.3036E+05    -2337.0246    -2336.8089      0.6090  0.6962E+10  0.1155E-09  0.6337E-07       28758      144863      159138      209340
    63  0.3037E+05    -2336.8089    -2337.0246      0.3933  0.6389E+11  0.1232E-11  0.6337E-07      123825      209340      159138      144863
    64  0.3038E+05    -2337.0246    -2336.9601      0.6391  0.6962E+10  0.3054E-09  0.6368E-07     1194932      594001      342406      593603
    65  0.3052E+05    -2336.9601    -2336.7828      0.5683  0.2165E+11  0.6046E-10  0.6374E-07      525932     1068515      761901     1034491
    66  0.3223E+05    -2336.7828    -2337.8169      0.2764  0.4409E+12  0.3125E-11  0.6374E-07      691808      727925      436748      441115
    67  0.3390E+05    -2337.8169    -2337.9149      0.8156  0.7406E+09  0.4125E-08  0.6786E-07      198534      383143     1288369      341315
    68  0.3481E+05    -2337.9149    -2337.8992      0.7412  0.1378E+10  0.8457E-10  0.6795E-07     1255821       40339      845605       23983
    69  0.3551E+05    -2337.8992    -2337.9149      0.7255  0.2185E+10  0.6588E-10  0.6801E-07     1133888       23983      845605       40339
    70  0.3552E+05    -2337.9149    -2337.8887      0.7660  0.1378E+10  0.9061E-10  0.6810E-07      672837      999713      188602      215222
    71  0.3625E+05    -2337.8887    -2337.9149      0.7399  0.1140E+10  0.9642E-09  0.6907E-07      891385      215222      188602      999713
    72  0.3626E+05    -2337.9149    -2337.8408      0.9780  0.1378E+10  0.8074E-09  0.6988E-07     1217831     1128777      600036      916581
    73  0.3682E+05    -2337.8408    -2338.1672      0.5257  0.1288E+11  0.5132E-10  0.6993E-07      513792      191202     1062506     1277642
    74  0.3771E+05    -2338.1672    -2338.4247      0.5348  0.1079E+11  0.4753E-10  0.6998E-07       76159     1138667      544910      914006
    75  0.3822E+05    -2338.4247    -2338.3995      0.8529  0.6874E+09  0.2202E-09  0.7020E-07      567966       21787      955261     1065766
    76  0.3905E+05    -2338.3995    -2338.4247      0.8277  0.4716E+09  0.9007E-09  0.7110E-07     1240439     1065766      578224       21787
    77  0.3905E+05    -2338.4247    -2338.1672      0.7929  0.6845E+09  0.5346E-09  0.7163E-07      540188      914006      544910     1138667
    78  0.3907E+05    -2338.1672    -2338.4247      0.5354  0.1071E+11  0.2017E-09  0.7183E-07       76159     1138667      544910      914006
    79  0.3908E+05    -2338.4247    -2338.1672      0.7929  0.6844E+09  0.2302E-08  0.7413E-07      540188      914006      544910     1138667
    80  0.3909E+05    -2338.1672    -2338.4247      0.5354  0.1071E+11  0.6843E-10  0.7420E-07       76159     1138667      544910      914006
    81  0.3910E+05    -2338.4247    -2338.1672      0.7929  0.6845E+09  0.2289E-08  0.7649E-07      540188      914006      544910     1138667
    82  0.3911E+05    -2338.1672    -2338.4247      0.5354  0.1071E+11  0.3236E-10  0.7652E-07       76159     1138667      544910      914006
    83  0.3912E+05    -2338.4247    -2338.1672      0.7929  0.6846E+09  0.8073E-09  0.7733E-07      540188      914006      544910     1138667
    84  0.3913E+05    -2338.1672    -2338.4247      0.5354  0.1071E+11  0.7319E-11  0.7734E-07       76159     1138667      544910      914006
    85  0.3914E+05    -2338.4247    -2338.3995      0.8529  0.6845E+09  0.2098E-09  0.7755E-07      567966       21787      955261     1065766
    86  0.3915E+05    -2338.3995    -2338.4247      0.8276  0.4719E+09  0.4330E-08  0.8188E-07     1240439     1065766      578224       21787
    87  0.3916E+05    -2338.4247    -2338.3995      0.8529  0.6849E+09  0.2662E-08  0.8454E-07      567966       21787      578224     1065766
    88  0.3916E+05    -2338.3995    -2338.4855      0.9717  0.4719E+09  0.6062E-09  0.8515E-07      582362      598058      295486     1027867
    89  0.3998E+05    -2338.4855    -2338.3048      1.0198  0.2604E+09  0.2082E-08  0.8723E-07      736030      443177     1085816      160971
    90  0.4084E+05    -2338.3048    -2338.4815      0.7477  0.9913E+09  0.1928E-08  0.8916E-07      637544      759543      969944       31001
    91  0.4150E+05    -2338.4815    -2338.5466      1.0810  0.3677E+09  0.2099E-08  0.9126E-07      643049      785241     1272065     1229890
    92  0.4243E+05    -2338.5466    -2338.5483      1.0476  0.1412E+10  0.3378E-09  0.9159E-07      906845        1811     1197565     1267630
    93  0.4319E+05    -2338.5483    -2339.6679      0.3466  0.1148E+12  0.1327E-11  0.9159E-07     1039908      563947      644017      664330
    94  0.4401E+05    -2339.6679    -2339.9209      0.6832  0.1814E+10  0.6134E-09  0.9221E-07     1297982      625279      838945      915319
    95  0.4474E+05    -2339.9209    -2339.3692      0.6545  0.2426E+10  0.8513E-10  0.9229E-07     1221907      256587      686036      995902
    96  0.4551E+05    -2339.3692    -2339.7968      0.0947  0.5811E+13  0.3273E-13  0.9229E-07       48026     1107804      514422      876428
    97  0.4673E+05    -2339.7968    -2339.9209      0.5216  0.3658E+11  0.1564E-10  0.9231E-07     1150456      731823      559537     1107804
    98  0.4674E+05    -2339.9209    -2339.7968      0.6457  0.4847E+10  0.2601E-09  0.9257E-07      457768      963052       75385      923839
    99  0.4682E+05    -2339.7968    -2340.9647      0.0613  0.4560E+13  0.1452E-12  0.9257E-07      164696      236215     1017514      659021
   100  0.4830E+05    -2340.9647    -2340.9031      0.8166  0.5914E+09  0.1222E-09  0.9269E-07      953513      925216      420233      925212
   101  0.4919E+05    -2340.9031    -2341.0502      0.5996  0.5235E+10  0.4091E-10  0.9273E-07      975973      712460     1232678      120803
   102  0.4990E+05    -2341.0502    -2340.9031      0.7467  0.1002E+10  0.2771E-08  0.9550E-07      951518      120803     1232678      712460
   103  0.4991E+05    -2340.9031    -2341.0502      0.5996  0.5235E+10  0.1976E-09  0.9570E-07      975973      712460     1232678      120803
   104  0.4993E+05    -2341.0502    -2340.9031      0.7467  0.1002E+10  0.1516E-08  0.9722E-07      951518      120803     1232678      712460
   105  0.4995E+05    -2340.9031    -2341.0502      0.5996  0.5235E+10  0.1104E-08  0.9832E-07      975973      712460     1232678      120803
   106  0.4997E+05    -2341.0502    -2340.9031      0.7467  0.1002E+10  0.1540E-08  0.9986E-07      951518      120803     1232678      712460
   107  0.4998E+05    -2340.9031    -2341.0502      0.5996  0.5235E+10  0.2231E-09  0.1001E-06      975973      712460     1232678      120803
   108  0.5000E+05    -2341.0502    -2340.9031      0.7467  0.1002E+10  0.1112E-09  0.1002E-06      951518      120803     1232678      712460
   109  0.5003E+05    -2340.9031    -2341.0502      0.5996  0.5235E+10  0.2936E-09  0.1005E-06      975973      712460     1232678      120803
   110  0.5005E+05    -2341.0502    -2340.9031      0.7467  0.1002E+10  0.1229E-08  0.1017E-06      951518      120803     1232678      712460
   111  0.5006E+05    -2340.9031    -2341.0502      0.5996  0.5235E+10  0.2970E-09  0.1020E-06      975973      712460     1232678      120803
   112  0.5007E+05    -2341.0502    -2340.7341      0.8185  0.1002E+10  0.6064E-09  0.1026E-06     1231596      826328      746389      239853
   113  0.5075E+05    -2340.7341    -2341.0502      0.5024  0.1551E+11  0.6107E-10  0.1027E-06     1023159      239853      746389      826328
   114  0.5078E+05    -2341.0502    -2340.7341      0.8185  0.1002E+10  0.2229E-08  0.1049E-06     1231596      826328      746389      239853
   115  0.5080E+05    -2340.7341    -2341.0502      0.5024  0.1551E+11  0.9010E-10  0.1050E-06     1023159      239853      746389      826328
   116  0.5081E+05    -2341.0502    -2340.9031      0.7467  0.1002E+10  0.6009E-08  0.1110E-06      951518      120803     1232678      712460
   117  0.5082E+05    -2340.9031    -2341.0502      0.5996  0.5232E+10  0.5136E-09  0.1115E-06      975973      712460     1232678      120803
   118  0.5083E+05    -2341.0502    -2340.7341      0.8185  0.1002E+10  0.4395E-09  0.1120E-06     1231596      826328      746389      239853
   119  0.5084E+05    -2340.7341    -2341.0502      0.5024  0.1551E+11  0.6057E-11  0.1120E-06     1023159      239853      746389      826328
   120  0.5086E+05    -2341.0502    -2340.9031      0.7467  0.1002E+10  0.3002E-08  0.1150E-06      951518      120803     1232678      712460
   121  0.5088E+05    -2340.9031    -2341.0502      0.5996  0.5232E+10  0.4992E-10  0.1150E-06      975973      712460     1232678      120803
   122  0.5089E+05    -2341.0502    -2340.9031      0.7467  0.1002E+10  0.4866E-09  0.1155E-06      951518      120803     1232678      712460
   123  0.5090E+05    -2340.9031    -2341.0502      0.5996  0.5232E+10  0.2104E-09  0.1157E-06      975973      712460     1232678      120803
   124  0.5091E+05    -2341.0502    -2340.9031      0.7467  0.1002E+10  0.3867E-09  0.1161E-06      951518      120803     1232678      712460
   125  0.5091E+05    -2340.9031    -2341.0502      0.5996  0.5233E+10  0.9330E-10  0.1162E-06      975973      712460     1232678      120803
   126  0.5093E+05    -2341.0502    -2340.7341      0.8185  0.1002E+10  0.1615E-08  0.1178E-06     1231596      826328      746389      239853
   127  0.5093E+05    -2340.7341    -2341.0502      0.5024  0.1551E+11  0.1296E-10  0.1178E-06     1023159      239853      746389      826328
   128  0.5096E+05    -2341.0502    -2340.9031      0.7467  0.1002E+10  0.3579E-10  0.1179E-06      951518      120803     1232678      712460
   129  0.5099E+05    -2340.9031    -2341.0502      0.5996  0.5232E+10  0.2423E-10  0.1179E-06      975973      712460     1232678      120803
   130  0.5100E+05    -2341.0502    -2340.9031      0.7467  0.1002E+10  0.2938E-10  0.1179E-06      951518      120803     1232678      712460
   131  0.5101E+05    -2340.9031    -2341.0502      0.5996  0.5232E+10  0.1863E-09  0.1181E-06      975973      712460     1232678      120803
   132  0.5102E+05    -2341.0502    -2340.7341      0.8185  0.1002E+10  0.7096E-09  0.1188E-06     1231596      826328      746389      239853
   133  0.5102E+05    -2340.7341    -2341.0502      0.5024  0.1551E+11  0.1770E-09  0.1190E-06     1023159      239853      746389      826328
   134  0.5104E+05    -2341.0502    -2340.9031      0.7467  0.1002E+10  0.1780E-09  0.1192E-06      951518      120803     1232678      712460
   135  0.5105E+05    -2340.9031    -2341.0502      0.5996  0.5232E+10  0.8634E-10  0.1193E-06      975973      712460     1232678      120803
   136  0.5106E+05    -2341.0502    -2340.7341      0.8185  0.1002E+10  0.6264E-09  0.1199E-06     1231596      826328      746389      239853
   137  0.5107E+05    -2340.7341    -2341.0502      0.5024  0.1551E+11  0.6705E-11  0.1199E-06     1023159      239853      746389      826328
   138  0.5108E+05    -2341.0502    -2340.9031      0.7467  0.1002E+10  0.1092E-08  0.1210E-06      951518      120803     1232678      712460
   139  0.5110E+05    -2340.9031    -2341.0502      0.5996  0.5233E+10  0.2162E-09  0.1212E-06      975973      712460     1232678      120803
   140  0.5111E+05    -2341.0502    -2340.9031      0.7467  0.1002E+10  0.1248E-08  0.1224E-06      951518      120803     1232678      712460
   141  0.5112E+05    -2340.9031    -2341.0502      0.5996  0.5232E+10  0.4024E-09  0.1228E-06      975973      712460     1232678      120803
   142  0.5113E+05    -2341.0502    -2340.9031      0.7467  0.1002E+10  0.1724E-10  0.1229E-06      951518      120803     1232678      712460
   143  0.5114E+05    -2340.9031    -2341.0502      0.5996  0.5232E+10  0.2442E-09  0.1231E-06      975973      712460     1232678      120803
   144  0.5115E+05    -2341.0502    -2340.9031      0.7467  0.1002E+10  0.5444E-09  0.1237E-06      951518      120803     1232678      712460
   145  0.5116E+05    -2340.9031    -2341.0502      0.5996  0.5232E+10  0.1614E-09  0.1238E-06      975973      712460     1232678      120803
   146  0.5118E+05    -2341.0502    -2340.9031      0.7467  0.1002E+10  0.1296E-08  0.1251E-06      951518      120803     1232678      712460
   147  0.5119E+05    -2340.9031    -2341.0502      0.5996  0.5232E+10  0.3423E-09  0.1254E-06      975973      712460     1232678      120803
   148  0.5120E+05    -2341.0502    -2340.7341      0.8185  0.1002E+10  0.3637E-09  0.1258E-06     1231596      826328      746389      239853
   149  0.5120E+05    -2340.7341    -2341.0502      0.5024  0.1551E+11  0.2226E-09  0.1260E-06     1023159      239853      746389      826328
   150  0.5121E+05    -2341.0502    -2340.7341      0.8185  0.1002E+10  0.2642E-09  0.1263E-06     1231596      826328      746389      239853
   151  0.5122E+05    -2340.7341    -2341.0502      0.5024  0.1551E+11  0.1758E-10  0.1263E-06     1023159      239853      746389      826328
   152  0.5123E+05    -2341.0502    -2341.0077      0.9636  0.1002E+10  0.2917E-09  0.1266E-06      389315     1001192      665417       19703
   153  0.5200E+05    -2341.0077    -2340.9580      0.9742  0.2537E+09  0.1647E-08  0.1283E-06       36881      609627      156382      902445
   154  0.5252E+05    -2340.9580    -2340.7653      0.5439  0.1202E+11  0.4167E-10  0.1283E-06       35179      474844     1116263      607306
   155  0.5320E+05    -2340.7653    -2340.9580      0.3512  0.1085E+12  0.6633E-12  0.1283E-06      788971      607306     1116263      474844
   156  0.5322E+05    -2340.9580    -2340.7653      0.5439  0.1202E+11  0.1392E-10  0.1283E-06       35179      474844     1116263      607306
   157  0.5323E+05    -2340.7653    -2340.9581      0.3512  0.1085E+12  0.1417E-10  0.1283E-06      788971      607306     1116263      474844
   158  0.5325E+05    -2340.9581    -2341.0845      0.6318  0.1201E+11  0.9507E-11  0.1283E-06      640021      197704      720918     1028584
   159  0.5409E+05    -2341.0845    -2340.9581      0.7582  0.9044E+09  0.1638E-08  0.1300E-06      736594     1028584      720918      197704
   160  0.5412E+05    -2340.9581    -2340.7653      0.5439  0.1201E+11  0.7697E-10  0.1301E-06       35179      474844     1116263      607306
   161  0.5415E+05    -2340.7653    -2340.9581      0.3511  0.1085E+12  0.7790E-11  0.1301E-06      788971      607306     1116263      474844
   162  0.5416E+05    -2340.9581    -2340.7653      0.5440  0.1201E+11  0.1085E-09  0.1302E-06       35179      474844     1116263      607306
   163  0.5417E+05    -2340.7653    -2340.9581      0.3511  0.1085E+12  0.1671E-10  0.1302E-06      788971      607306     1116263      474844
   164  0.5420E+05    -2340.9581    -2340.7653      0.5440  0.1201E+11  0.4569E-10  0.1302E-06       35179      474844     1116263      607306
   165  0.5421E+05    -2340.7653    -2340.9581      0.3511  0.1085E+12  0.4941E-11  0.1302E-06      788971      607306     1116263      474844
   166  0.5422E+05    -2340.9581    -2340.7653      0.5440  0.1201E+11  0.9473E-10  0.1303E-06       35179      474844     1116263      607306
   167  0.5423E+05    -2340.7653    -2340.9581      0.3511  0.1085E+12  0.1522E-10  0.1303E-06      788971      607306     1116263      474844
   168  0.5426E+05    -2340.9581    -2340.7653      0.5440  0.1201E+11  0.8374E-10  0.1304E-06       35179      474844     1116263      607306
   169  0.5427E+05    -2340.7653    -2340.9581      0.3511  0.1085E+12  0.2876E-11  0.1304E-06      788971      607306     1116263      474844
   170  0.5428E+05    -2340.9581    -2341.0845      0.6318  0.1201E+11  0.9496E-10  0.1305E-06      640021      197704      720918     1028584
   171  0.5438E+05    -2341.0845    -2340.9581      0.7582  0.9045E+09  0.1682E-09  0.1307E-06      736594     1028584      720918      197704
   172  0.5441E+05    -2340.9581    -2340.7653      0.5440  0.1201E+11  0.2107E-09  0.1309E-06       35179      474844     1116263      607306
   173  0.5442E+05    -2340.7653    -2340.9581      0.3511  0.1085E+12  0.6545E-11  0.1309E-06      788971      607306     1116263      474844
   174  0.5443E+05    -2340.9581    -2340.7653      0.5440  0.1201E+11  0.2469E-10  0.1309E-06       35179      474844     1116263      607306
   175  0.5444E+05    -2340.7653    -2340.9581      0.3511  0.1085E+12  0.3278E-11  0.1309E-06      788971      607306     1116263      474844
   176  0.5445E+05    -2340.9581    -2340.7653      0.5440  0.1201E+11  0.1703E-09  0.1311E-06       35179      474844     1116263      607306
   177  0.5448E+05    -2340.7653    -2340.9581      0.3511  0.1085E+12  0.1745E-11  0.1311E-06      788971      607306     1116263      474844
   178  0.5450E+05    -2340.9581    -2341.0845      0.6319  0.1201E+11  0.3296E-09  0.1314E-06      640021      197704      720918     1028584
   179  0.5461E+05    -2341.0845    -2340.9581      0.7582  0.9045E+09  0.1384E-09  0.1316E-06      736594     1028584      720918      197704
   180  0.5461E+05    -2340.9581    -2340.7653      0.5440  0.1201E+11  0.2769E-09  0.1319E-06       35179      474844     1116263      607306
   181  0.5464E+05    -2340.7653    -2340.9581      0.3511  0.1085E+12  0.3813E-11  0.1319E-06      788971      607306     1116263      474844
   182  0.5465E+05    -2340.9581    -2340.7653      0.5439  0.1201E+11  0.2695E-10  0.1319E-06       35179      474844     1116263      607306
   183  0.5466E+05    -2340.7653    -2340.9581      0.3511  0.1085E+12  0.4268E-13  0.1319E-06      788971      607306     1116263      474844
   184  0.5468E+05    -2340.9581    -2340.7653      0.5439  0.1201E+11  0.2136E-09  0.1321E-06       35179      474844     1116263      607306
   185  0.5469E+05    -2340.7653    -2340.9581      0.3511  0.1085E+12  0.2735E-11  0.1321E-06      788971      607306     1116263      474844
   186  0.5471E+05    -2340.9581    -2340.7653      0.5439  0.1201E+11  0.1132E-09  0.1322E-06       35179      474844     1116263      607306
   187  0.5471E+05    -2340.7653    -2340.9581      0.3511  0.1085E+12  0.3827E-11  0.1322E-06      788971      607306     1116263      474844
   188  0.5472E+05    -2340.9581    -2340.7653      0.5439  0.1201E+11  0.4504E-10  0.1323E-06       35179      474844     1116263      607306
   189  0.5473E+05    -2340.7653    -2340.9581      0.3511  0.1085E+12  0.5905E-12  0.1323E-06      788971      607306     1116263      474844
   190  0.5474E+05    -2340.9581    -2340.9730      1.2931  0.1201E+11  0.6438E-10  0.1323E-06      595116      306136      982396     1098095
   191  0.5532E+05    -2340.9730    -2341.3038      0.3357  0.1329E+12  0.2796E-10  0.1324E-06      726882      915855      423714      840447
   192  0.5603E+05    -2341.3038    -2340.9730      0.6665  0.2116E+10  0.1247E-10  0.1324E-06      816648      840447      423714      915855
   193  0.5604E+05    -2340.9730    -2341.3038      0.3357  0.1329E+12  0.5959E-11  0.1324E-06      726882      915855      423714      840447
   194  0.5606E+05    -2341.3038    -2340.9730      0.6665  0.2116E+10  0.4907E-09  0.1329E-06      816648      840447      423714      915855
   195  0.5609E+05    -2340.9730    -2341.3038      0.3357  0.1329E+12  0.2187E-11  0.1329E-06      726882      915855      423714      840447
   196  0.5613E+05    -2341.3038    -2340.9730      0.6665  0.2115E+10  0.2416E-09  0.1331E-06      816648      840447      423714      915855
   197  0.5614E+05    -2340.9730    -2341.3038      0.3357  0.1329E+12  0.1117E-11  0.1331E-06      726882      915855      423714      840447
   198  0.5617E+05    -2341.3038    -2340.9730      0.6665  0.2115E+10  0.2376E-09  0.1334E-06      816648      840447      423714      915855
   199  0.5619E+05    -2340.9730    -2341.3038      0.3357  0.1329E+12  0.1500E-11  0.1334E-06      726882      915855      423714      840447
   200  0.5620E+05    -2341.3038    -2340.9730      0.6665  0.2115E+10  0.1928E-09  0.1335E-06      816648      840447      423714      915855
   201  0.5623E+05    -2340.9730    -2341.3038      0.3357  0.1329E+12  0.7214E-11  0.1336E-06      726882      915855      423714      840447
   202  0.5625E+05    -2341.3038    -2340.9730      0.6665  0.2115E+10  0.5201E-09  0.1341E-06      816648      840447      423714      915855
   203  0.5627E+05    -2340.9730    -2341.3038      0.3357  0.1329E+12  0.5421E-12  0.1341E-06      726882      915855      423714      840447
   204  0.5628E+05    -2341.3038    -2340.9730      0.6665  0.2116E+10  0.5023E-09  0.1346E-06      816648      840447      423714      915855
   205  0.5630E+05    -2340.9730    -2341.3038      0.3357  0.1329E+12  0.1861E-11  0.1346E-06      726882      915855      423714      840447
   206  0.5631E+05    -2341.3038    -2340.9730      0.6665  0.2115E+10  0.1312E-09  0.1347E-06      816648      840447      423714      915855
   207  0.5634E+05    -2340.9730    -2341.3038      0.3357  0.1329E+12  0.5432E-11  0.1347E-06      726882      915855      423714      840447
   208  0.5636E+05    -2341.3038    -2340.9730      0.6665  0.2116E+10  0.2435E-09  0.1350E-06      816648      840447      423714      915855
   209  0.5637E+05    -2340.9730    -2341.3038      0.3357  0.1329E+12  0.3301E-11  0.1350E-06      726882      915855      423714      840447
   210  0.5638E+05    -2341.3038    -2340.9730      0.6665  0.2115E+10  0.5663E-09  0.1355E-06      816648      840447      423714      915855
   211  0.5639E+05    -2340.9730    -2341.3038      0.3357  0.1329E+12  0.7817E-11  0.1355E-06      726882      915855      423714      840447
   212  0.5640E+05    -2341.3038    -2340.9730      0.6665  0.2116E+10  0.3592E-09  0.1359E-06      816648      840447      423714      915855
   213  0.5645E+05    -2340.9730    -2341.3038      0.3357  0.1329E+12  0.4372E-11  0.1359E-06      726882      915855      423714      840447
   214  0.5647E+05    -2341.3038    -2340.9730      0.6665  0.2116E+10  0.5765E-10  0.1360E-06      816648      840447      423714      915855
   215  0.5648E+05    -2340.9730    -2341.3038      0.3357  0.1329E+12  0.8473E-13  0.1360E-06      726882      915855      423714      840447
   216  0.5649E+05    -2341.3038    -2340.9730      0.6665  0.2115E+10  0.3190E-10  0.1360E-06      816648      840447      423714      915855
   217  0.5650E+05    -2340.9730    -2341.3038      0.3357  0.1329E+12  0.1417E-10  0.1360E-06      726882      915855      423714      840447
   218  0.5651E+05    -2341.3038    -2340.9730      0.6665  0.2115E+10  0.4483E-09  0.1364E-06      816648      840447      423714      915855
   219  0.5653E+05    -2340.9730    -2341.3038      0.3357  0.1329E+12  0.1230E-10  0.1365E-06      726882      915855      423714      840447
   220  0.5655E+05    -2341.3038    -2340.9730      0.6665  0.2116E+10  0.1002E-08  0.1375E-06      816648      840447      423714      915855
   221  0.5658E+05    -2340.9730    -2341.3038      0.3357  0.1329E+12  0.7830E-11  0.1375E-06      726882      915855      423714      840447
   222  0.5659E+05    -2341.3038    -2340.9730      0.6665  0.2116E+10  0.4556E-09  0.1379E-06      816648      840447      423714      915855
   223  0.5660E+05    -2340.9730    -2341.3038      0.3357  0.1329E+12  0.7035E-11  0.1379E-06      726882      915855      423714      840447
   224  0.5661E+05    -2341.3038    -2340.9730      0.6665  0.2116E+10  0.5804E-09  0.1385E-06      816648      840447      423714      915855
   225  0.5663E+05    -2340.9730    -2341.3038      0.3357  0.1329E+12  0.4169E-11  0.1385E-06      726882      915855      423714      840447
   226  0.5664E+05    -2341.3038    -2340.9730      0.6665  0.2116E+10  0.8587E-09  0.1394E-06      816648      840447      423714      915855
   227  0.5665E+05    -2340.9730    -2341.3038      0.3357  0.1329E+12  0.8355E-11  0.1394E-06      726882      915855      423714      840447
   228  0.5667E+05    -2341.3038    -2340.9730      0.6665  0.2115E+10  0.2470E-09  0.1396E-06      816648      840447      423714      915855
   229  0.5668E+05    -2340.9730    -2341.3038      0.3357  0.1329E+12  0.5777E-11  0.1396E-06      726882      915855      423714      840447
   230  0.5669E+05    -2341.3038    -2340.9730      0.6665  0.2116E+10  0.1480E-09  0.1398E-06      816648      840447      423714      915855
   231  0.5670E+05    -2340.9730    -2341.3038      0.3357  0.1329E+12  0.1594E-11  0.1398E-06      726882      915855      423714      840447
   232  0.5671E+05    -2341.3038    -2340.9730      0.6665  0.2115E+10  0.4444E-09  0.1402E-06      816648      840447      423714      915855
   233  0.5674E+05    -2340.9730    -2341.3038      0.3357  0.1329E+12  0.4896E-11  0.1402E-06      726882      915855      423714      840447
   234  0.5676E+05    -2341.3038    -2340.9730      0.6665  0.2116E+10  0.7942E-09  0.1410E-06      816648      840447      423714      915855
   235  0.5677E+05    -2340.9730    -2341.3038      0.3357  0.1329E+12  0.1079E-10  0.1410E-06      726882      915855      423714      840447
   236  0.5678E+05    -2341.3038    -2340.9730      0.6665  0.2116E+10  0.1155E-09  0.1412E-06      816648      840447      423714      915855
   237  0.5679E+05    -2340.9730    -2341.3038      0.3357  0.1329E+12  0.2449E-10  0.1412E-06      726882      915855      423714      840447
   238  0.5680E+05    -2341.3038    -2340.9730      0.6665  0.2116E+10  0.2300E-09  0.1414E-06      816648      840447      423714      915855
   239  0.5681E+05    -2340.9730    -2341.3038      0.3357  0.1329E+12  0.2475E-11  0.1414E-06      726882      915855      423714      840447
   240  0.5683E+05    -2341.3038    -2340.9730      0.6665  0.2116E+10  0.2090E-09  0.1416E-06      816648      840447      423714      915855
   241  0.5684E+05    -2340.9730    -2341.3038      0.3357  0.1329E+12  0.7736E-11  0.1416E-06      726882      915855      423714      840447
   242  0.5685E+05    -2341.3038    -2340.9730      0.6665  0.2116E+10  0.6181E-10  0.1417E-06      816648      840447      423714      915855
   243  0.5686E+05    -2340.9730    -2341.3038      0.3357  0.1329E+12  0.3371E-11  0.1417E-06      726882      915855      423714      840447
   244  0.5687E+05    -2341.3038    -2340.9730      0.6665  0.2115E+10  0.1411E-08  0.1431E-06      816648      840447      423714      915855
   245  0.5690E+05    -2340.9730    -2341.3038      0.3357  0.1329E+12  0.1497E-10  0.1431E-06      726882      915855      423714      840447
   246  0.5692E+05    -2341.3038    -2340.9730      0.6665  0.2115E+10  0.4633E-10  0.1432E-06      816648      840447      423714      915855
   247  0.5694E+05    -2340.9730    -2341.3038      0.3357  0.1329E+12  0.4131E-11  0.1432E-06      726882      915855      423714      840447
   248  0.5695E+05    -2341.3038    -2340.9730      0.6665  0.2116E+10  0.5207E-10  0.1432E-06      816648      840447      423714      915855
   249  0.5696E+05    -2340.9730    -2341.3038      0.3357  0.1329E+12  0.1628E-10  0.1432E-06      726882      915855      423714      840447
   250  0.5697E+05    -2341.3038    -2340.9730      0.6665  0.2116E+10  0.1989E-10  0.1433E-06      816648      840447      423714      915855
   251  0.5699E+05    -2340.9730    -2341.3038      0.3357  0.1329E+12  0.4709E-12  0.1433E-06      726882      915855      423714      840447
   252  0.5700E+05    -2341.3038    -2340.9730      0.6665  0.2116E+10  0.9676E-10  0.1434E-06      816648      840447      423714      915855
   253  0.5701E+05    -2340.9730    -2341.3038      0.3357  0.1329E+12  0.9838E-11  0.1434E-06      726882      915855      423714      840447
   254  0.5702E+05    -2341.3038    -2340.9730      0.6665  0.2116E+10  0.1037E-09  0.1435E-06      816648      840447      423714      915855
   255  0.5703E+05    -2340.9730    -2341.3038      0.3357  0.1329E+12  0.1095E-11  0.1435E-06      726882      915855      423714      840447
   256  0.5704E+05    -2341.3038    -2340.9730      0.6665  0.2115E+10  0.9658E-09  0.1444E-06      816648      840447      423714      915855
   257  0.5705E+05    -2340.9730    -2341.3038      0.3357  0.1329E+12  0.1036E-10  0.1445E-06      726882      915855      423714      840447
   258  0.5706E+05    -2341.3038    -2340.9730      0.6665  0.2115E+10  0.7089E-09  0.1452E-06      816648      840447      423714      915855
   259  0.5707E+05    -2340.9730    -2341.3038      0.3357  0.1329E+12  0.1950E-10  0.1452E-06      726882      915855      423714      840447
   260  0.5709E+05    -2341.3038    -2340.9730      0.6665  0.2116E+10  0.4614E-09  0.1456E-06      816648      840447      423714      915855
   261  0.5712E+05    -2340.9730    -2341.3038      0.3357  0.1329E+12  0.9129E-12  0.1456E-06      726882      915855      423714      840447
   262  0.5714E+05    -2341.3038    -2340.9730      0.6665  0.2116E+10  0.4763E-10  0.1457E-06      816648      840447      423714      915855
   263  0.5715E+05    -2340.9730    -2341.3038      0.3357  0.1329E+12  0.8159E-11  0.1457E-06      726882      915855      423714      840447
   264  0.5716E+05    -2341.3038    -2340.9730      0.6665  0.2116E+10  0.1139E-09  0.1458E-06      816648      840447      423714      915855
   265  0.5719E+05    -2340.9730    -2341.3038      0.3357  0.1329E+12  0.6694E-11  0.1458E-06      726882      915855      423714      840447
   266  0.5720E+05    -2341.3038    -2341.4435      0.9382  0.2115E+10  0.3606E-09  0.1462E-06      179540      450038      164110      991899
   267  0.5806E+05    -2341.4435    -2341.1400      0.7182  0.1017E+10  0.1051E-08  0.1472E-06      139477      294196      764925      882730
   268  0.5888E+05    -2341.1400    -2341.4435      0.4146  0.4918E+11  0.1677E-10  0.1472E-06      482582      882730      764925      294196
   269  0.5889E+05    -2341.4435    -2341.1400      0.7182  0.1017E+10  0.1275E-10  0.1473E-06      139477      294196      764925      882730
   270  0.5891E+05    -2341.1400    -2341.4435      0.4146  0.4918E+11  0.2843E-10  0.1473E-06      482582      882730      764925      294196
   271  0.5893E+05    -2341.4435    -2341.1400      0.7182  0.1017E+10  0.1391E-08  0.1487E-06      139477      294196      764925      882730
   272  0.5896E+05    -2341.1400    -2341.4435      0.4146  0.4918E+11  0.3199E-10  0.1487E-06      482582      882730      764925      294196
   273  0.5897E+05    -2341.4435    -2341.1400      0.7182  0.1017E+10  0.5717E-09  0.1493E-06      139477      294196      764925      882730
   274  0.5898E+05    -2341.1400    -2341.4435      0.4146  0.4918E+11  0.1566E-10  0.1493E-06      482582      882730      764925      294196
   275  0.5899E+05    -2341.4435    -2341.1400      0.7182  0.1017E+10  0.1794E-08  0.1511E-06      139477      294196      764925      882730
   276  0.5902E+05    -2341.1400    -2341.4435      0.4146  0.4918E+11  0.4371E-13  0.1511E-06      482582      882730      764925      294196
   277  0.5903E+05    -2341.4435    -2341.1400      0.7182  0.1017E+10  0.2756E-09  0.1514E-06      139477      294196      764925      882730
   278  0.5906E+05    -2341.1400    -2341.4435      0.4146  0.4918E+11  0.8870E-12  0.1514E-06      482582      882730      764925      294196
   279  0.5908E+05    -2341.4435    -2341.1400      0.7182  0.1017E+10  0.4055E-09  0.1518E-06      139477      294196      764925      882730
   280  0.5910E+05    -2341.1400    -2341.4435      0.4146  0.4918E+11  0.3415E-10  0.1518E-06      482582      882730      764925      294196
   281  0.5911E+05    -2341.4435    -2341.1400      0.7182  0.1017E+10  0.1796E-09  0.1520E-06      139477      294196      764925      882730
   282  0.5912E+05    -2341.1400    -2341.4435      0.4146  0.4918E+11  0.3990E-12  0.1520E-06      482582      882730      764925      294196
   283  0.5914E+05    -2341.4435    -2341.1400      0.7182  0.1017E+10  0.3199E-09  0.1523E-06      139477      294196      764925      882730
   284  0.5915E+05    -2341.1400    -2341.4435      0.4146  0.4918E+11  0.4772E-10  0.1524E-06      482582      882730      764925      294196
   285  0.5916E+05    -2341.4435    -2341.1400      0.7182  0.1017E+10  0.4957E-09  0.1529E-06      139477      294196      764925      882730
   286  0.5917E+05    -2341.1400    -2341.4435      0.4146  0.4918E+11  0.2118E-10  0.1529E-06      482582      882730      764925      294196
   287  0.5918E+05    -2341.4435    -2341.1400      0.7182  0.1017E+10  0.6852E-10  0.1529E-06      139477      294196      764925      882730
   288  0.5919E+05    -2341.1400    -2341.4435      0.4146  0.4918E+11  0.8265E-11  0.1529E-06      482582      882730      764925      294196
   289  0.5920E+05    -2341.4435    -2341.3218      1.0434  0.1017E+10  0.3271E-09  0.1533E-06      963534     1023672      411362      161023
   290  0.5989E+05    -2341.3218    -2341.0950      0.8257  0.5393E+09  0.1933E-08  0.1552E-06      844604      249806       10513     1124077
   291  0.6056E+05    -2341.0950    -2341.3218      0.5989  0.5943E+10  0.2427E-10  0.1552E-06      674132     1124077       10513      249806
   292  0.6057E+05    -2341.3218    -2341.3557      0.8812  0.5395E+09  0.1057E-08  0.1563E-06      602731      950210      399003       30168
   293  0.6125E+05    -2341.3557    -2341.3158      0.8525  0.1266E+10  0.4081E-09  0.1567E-06      873746      118995      443813     1098802
   294  0.6223E+05    -2341.3158    -2341.7874      0.6285  0.3984E+10  0.3703E-09  0.1571E-06     1024272      167366      803871      135025
   295  0.6279E+05    -2341.7874    -2341.3158      1.1002  0.1120E+09  0.4183E-08  0.1613E-06      540373      135025      803871      167366
   296  0.6280E+05    -2341.3158    -2341.7875      0.6285  0.3979E+10  0.4719E-10  0.1613E-06     1024272      167366      803871      135025
   297  0.6282E+05    -2341.7875    -2341.8225      1.0268  0.1119E+09  0.8153E-08  0.1695E-06      197189      678389       56794      689077
   298  0.6367E+05    -2341.8225    -2341.9424      0.8328  0.3606E+09  0.5479E-08  0.1749E-06     1171711     1200229     1127775     1082677
   299  0.6446E+05    -2341.9424    -2341.9281      1.0099  0.1296E+10  0.1204E-08  0.1761E-06      732935      394904      514340      777221
   300  0.6575E+05    -2341.9281    -2341.5899      0.7646  0.8371E+09  0.1279E-08  0.1774E-06       11349      769076      552758      444325
   301  0.6655E+05    -2341.5899    -2341.9281      0.4265  0.4180E+11  0.9534E-11  0.1774E-06      689485      444325      865315      769076
   302  0.6656E+05    -2341.9281    -2341.9047      0.9890  0.8105E+09  0.3778E-08  0.1812E-06      818162      777221      331943      246402
   303  0.6717E+05    -2341.9047    -2341.7519      0.7048  0.1426E+10  0.2599E-10  0.1812E-06      967483      803463      166249      764357
   304  0.6805E+05    -2341.7519    -2341.9047      0.5520  0.8954E+10  0.2320E-10  0.1812E-06      128369      764357      166249      803463
   305  0.6805E+05    -2341.9047    -2341.7519      0.7048  0.1426E+10  0.5973E-10  0.1813E-06      967483      803463      166249      764357
   306  0.6806E+05    -2341.7519    -2341.9047      0.5520  0.8953E+10  0.6591E-11  0.1813E-06      128369      764357      166249      803463
   307  0.6807E+05    -2341.9047    -2341.7519      0.7048  0.1426E+10  0.7518E-09  0.1821E-06      967483      803463      166249      764357
   308  0.6808E+05    -2341.7519    -2341.9047      0.5520  0.8954E+10  0.8443E-10  0.1822E-06      128369      764357      166249      803463
   309  0.6809E+05    -2341.9047    -2341.7519      0.7048  0.1426E+10  0.1214E-08  0.1834E-06      967483      803463      166249      764357
   310  0.6810E+05    -2341.7519    -2341.9047      0.5520  0.8953E+10  0.5451E-09  0.1839E-06      128369      764357      166249      803463
   311  0.6811E+05    -2341.9047    -2341.7519      0.7048  0.1426E+10  0.3531E-09  0.1843E-06      967483      803463      166249      764357
   312  0.6812E+05    -2341.7519    -2341.9047      0.5520  0.8954E+10  0.8761E-11  0.1843E-06      128369      764357      166249      803463
   313  0.6813E+05    -2341.9047    -2341.7519      0.7048  0.1426E+10  0.2112E-10  0.1843E-06      967483      803463      166249      764357
   314  0.6814E+05    -2341.7519    -2341.9047      0.5520  0.8954E+10  0.8058E-10  0.1844E-06      128369      764357      166249      803463
   315  0.6815E+05    -2341.9047    -2341.6958      0.8476  0.1426E+10  0.8833E-09  0.1853E-06      409320      356209       36794      613217
   316  0.6886E+05    -2341.6958    -2341.7669      0.6557  0.6053E+10  0.2823E-09  0.1855E-06      658960      843285      706142      882213
   317  0.6951E+05    -2341.7669    -2341.9256      0.5310  0.1477E+11  0.4020E-10  0.1856E-06     1208844     1290906     1249434      436370
   318  0.7128E+05    -2341.9256    -2341.8444      0.6900  0.3085E+10  0.2680E-10  0.1856E-06      483308       44645      367478     1290906
   319  0.7202E+05    -2341.8444    -2342.0188      0.6076  0.1417E+11  0.4435E-10  0.1857E-06     1149243      418447      334914      477639
   320  0.7262E+05    -2342.0188    -2342.1392      0.5277  0.1218E+11  0.3363E-10  0.1857E-06     1094910     1179979     1216474      932275
   321  0.7348E+05    -2342.1392    -2342.0188      0.6481  0.3218E+10  0.1032E-09  0.1858E-06      990840      932275     1216474     1179979
   322  0.7359E+05    -2342.0188    -2342.0011      0.8035  0.1226E+11  0.2435E-10  0.1858E-06      594375      674019      542663      447039
   323  0.7414E+05    -2342.0011    -2342.0739      0.8649  0.1253E+10  0.1217E-08  0.1870E-06     1101281      473606     1195599      613720
   324  0.7479E+05    -2342.0739    -2342.0164      0.6864  0.1851E+10  0.1405E-08  0.1884E-06      336396     1284095      852286      240675
   325  0.7540E+05    -2342.0164    -2342.0739      0.6289  0.6434E+10  0.1369E-09  0.1886E-06      787219      240675      852286     1284095
   326  0.7542E+05    -2342.0739    -2342.0164      0.6864  0.1851E+10  0.1853E-09  0.1888E-06      336396     1284095      852286      240675
   327  0.7552E+05    -2342.0164    -2342.0739      0.6289  0.6462E+10  0.5204E-10  0.1888E-06      787219      240675      852286     1284095
   328  0.7553E+05    -2342.0739    -2342.0164      0.6864  0.1850E+10  0.1573E-09  0.1890E-06      336396     1284095      852286      240675
   329  0.7564E+05    -2342.0164    -2342.0739      0.6289  0.6462E+10  0.7851E-10  0.1890E-06      787219      240675      852286     1284095
   330  0.7565E+05    -2342.0739    -2342.0164      0.6864  0.1850E+10  0.1230E-08  0.1903E-06      336396     1284095      852286      240675
   331  0.7575E+05    -2342.0164    -2342.0365      0.7530  0.6462E+10  0.2037E-09  0.1905E-06      911045      561739      295456      826153
   332  0.7633E+05    -2342.0365    -2342.0164      0.7731  0.1514E+10  0.6016E-09  0.1911E-06     1127181      826153      295456      561739
   333  0.7644E+05    -2342.0164    -2342.0738      0.6293  0.6447E+10  0.6641E-11  0.1911E-06      787219      240675      852286     1284095
   334  0.7645E+05    -2342.0738    -2342.0164      0.6867  0.1845E+10  0.1075E-08  0.1922E-06      336396     1284095      852286      240675
   335  0.7655E+05    -2342.0164    -2342.2826      0.6370  0.6447E+10  0.2919E-10  0.1922E-06      329985      780228      860035      462523
   336  0.7790E+05    -2342.2826    -2342.3499      0.8993  0.3569E+09  0.7143E-09  0.1929E-06      907416      924002      456804      868833
   337  0.7868E+05    -2342.3499    -2342.2062      0.5740  0.7152E+10  0.3296E-09  0.1932E-06     1085282      479716     1028728      713114
   338  0.7957E+05    -2342.2062    -2342.3499      0.4302  0.6085E+11  0.1841E-10  0.1933E-06      655900      713114     1028728      479716
   339  0.7968E+05    -2342.3499    -2342.2062      0.5740  0.7154E+10  0.1463E-09  0.1934E-06     1085282      479716     1028728      713114
   340  0.7969E+05    -2342.2062    -2342.3500      0.4302  0.6083E+11  0.3474E-10  0.1934E-06      655900      713114     1028728      479716
   341  0.7980E+05    -2342.3500    -2342.2062      0.5740  0.7150E+10  0.1577E-10  0.1935E-06     1085282      479716     1028728      713114
   342  0.7981E+05    -2342.2062    -2342.3500      0.4302  0.6083E+11  0.3534E-10  0.1935E-06      655900      713114     1028728      479716
   343  0.7994E+05    -2342.3500    -2342.2062      0.5740  0.7151E+10  0.7084E-11  0.1935E-06     1085282      479716     1028728      713114
   344  0.7996E+05    -2342.2062    -2342.3500      0.4302  0.6083E+11  0.4379E-11  0.1935E-06      655900      713114     1028728      479716
   345  0.8007E+05    -2342.3500    -2342.2062      0.5740  0.7151E+10  0.1603E-11  0.1935E-06     1085282      479716     1028728      713114
   346  0.8008E+05    -2342.2062    -2342.3500      0.4302  0.6083E+11  0.8890E-12  0.1935E-06      655900      713114     1028728      479716
   347  0.8019E+05    -2342.3500    -2342.2062      0.5740  0.7149E+10  0.6778E-09  0.1942E-06     1085282      479716     1028728      713114
   348  0.8020E+05    -2342.2062    -2342.2056      0.4818  0.6083E+11  0.1532E-10  0.1942E-06      440871      483063       86849      702272
   349  0.8172E+05    -2342.2056    -2342.2118      0.4807  0.4073E+11  0.4425E-12  0.1942E-06      129085     1068507      201431      745107
   350  0.8233E+05    -2342.2118    -2342.2055      0.4869  0.5329E+11  0.1031E-10  0.1942E-06      952753      728946      606642      979081
   351  0.8245E+05    -2342.2055    -2342.2117      0.4807  0.2061E+11  0.6332E-11  0.1942E-06      458892     1068507      201431      824738
   352  0.8246E+05    -2342.2117    -2342.2055      0.4869  0.5258E+11  0.6306E-10  0.1943E-06      952753      728946      606642      979081
   353  0.8257E+05    -2342.2055    -2342.2117      0.4807  0.2064E+11  0.3301E-10  0.1943E-06      458892     1068507      201431      824738
   354  0.8260E+05    -2342.2117    -2342.2055      0.4869  0.5258E+11  0.2995E-11  0.1943E-06      952753      728946      606642      979081
   355  0.8261E+05    -2342.2055    -2342.2118      0.4807  0.2064E+11  0.8042E-11  0.1943E-06      458892     1068507      201431      824738
   356  0.8262E+05    -2342.2118    -2342.5032      0.7664  0.5254E+11  0.2525E-10  0.1943E-06      661147      230461      798903      744143
   357  0.8395E+05    -2342.5032    -2342.6041      0.4343  0.3726E+11  0.2921E-11  0.1943E-06      290861      386639     1010215      738538
   358  0.8492E+05    -2342.6041    -2342.5032      0.5352  0.1558E+11  0.1678E-09  0.1945E-06       41609      738538     1010215      386639
   359  0.8492E+05    -2342.5032    -2342.6041      0.4343  0.3725E+11  0.5248E-11  0.1945E-06      290861      386639     1010215      738538
   360  0.8503E+05    -2342.6041    -2342.5032      0.5352  0.1558E+11  0.3838E-11  0.1945E-06       41609      738538     1010215      386639
   361  0.8503E+05    -2342.5032    -2342.6041      0.4343  0.3725E+11  0.4125E-11  0.1945E-06      290861      386639     1010215      738538
   362  0.8514E+05    -2342.6041    -2342.5032      0.5352  0.1558E+11  0.1853E-10  0.1945E-06       41609      738538     1010215      386639
   363  0.8514E+05    -2342.5032    -2342.6041      0.4343  0.3725E+11  0.4321E-11  0.1945E-06      290861      386639     1010215      738538
   364  0.8525E+05    -2342.6041    -2342.5032      0.5352  0.1558E+11  0.1252E-09  0.1947E-06       41609      738538     1010215      386639
   365  0.8527E+05    -2342.5032    -2342.6041      0.4343  0.3725E+11  0.1614E-10  0.1947E-06      290861      386639     1010215      738538
   366  0.8537E+05    -2342.6041    -2342.5032      0.5352  0.1558E+11  0.8186E-10  0.1948E-06       41609      738538     1010215      386639
   367  0.8538E+05    -2342.5032    -2342.6041      0.4343  0.3725E+11  0.1760E-10  0.1948E-06      290861      386639     1010215      738538
   368  0.8548E+05    -2342.6041    -2342.3858      0.5861  0.1558E+11  0.2012E-10  0.1948E-06       25256      209636       13379      901410
   369  0.8627E+05    -2342.3858    -2342.6041      0.3678  0.8887E+11  0.6222E-11  0.1948E-06      683034      901410       13379      209636
   370  0.8637E+05    -2342.6041    -2342.3858      0.5861  0.1560E+11  0.1231E-09  0.1949E-06       25256      209636       13379      901410
   371  0.8639E+05    -2342.3858    -2342.6041      0.3678  0.8887E+11  0.2846E-11  0.1949E-06      683034      901410       13379      209636
   372  0.8649E+05    -2342.6041    -2342.5032      0.5351  0.1560E+11  0.1388E-10  0.1950E-06       41609      738538     1010215      386639
   373  0.8651E+05    -2342.5032    -2342.6041      0.4341  0.3735E+11  0.7935E-11  0.1950E-06      290861      386639      516834      738538
   374  0.8661E+05    -2342.6041    -2342.3858      0.5861  0.1560E+11  0.3292E-10  0.1950E-06       25256      209636       13379      901410
   375  0.8662E+05    -2342.3858    -2342.6041      0.3678  0.8887E+11  0.8204E-11  0.1950E-06      683034      901410       13379      209636
   376  0.8673E+05    -2342.6041    -2342.5032      0.5351  0.1560E+11  0.2556E-10  0.1950E-06       41609      738538     1010215      386639
   377  0.8674E+05    -2342.5032    -2342.6041      0.4341  0.3735E+11  0.5403E-11  0.1950E-06      290861      386639      516834      738538
   378  0.8685E+05    -2342.6041    -2342.5032      0.5351  0.1560E+11  0.5447E-10  0.1951E-06       41609      738538      516834      386639
   379  0.8686E+05    -2342.5032    -2342.6041      0.4341  0.3735E+11  0.3414E-11  0.1951E-06      290861      386639      516834      738538
   380  0.8697E+05    -2342.6041    -2342.5032      0.5351  0.1560E+11  0.1247E-09  0.1952E-06       41609      738538      516834      386639
   381  0.8698E+05    -2342.5032    -2342.6041      0.4341  0.3735E+11  0.2538E-10  0.1952E-06      290861      386639      516834      738538
   382  0.8709E+05    -2342.6041    -2342.3858      0.5862  0.1560E+11  0.1193E-10  0.1953E-06       25256      209636       13379      901410
   383  0.8710E+05    -2342.3858    -2342.6041      0.3678  0.8887E+11  0.7661E-11  0.1953E-06      683034      901410       13379      209636
   384  0.8721E+05    -2342.6041    -2342.5032      0.5351  0.1560E+11  0.6539E-11  0.1953E-06       41609      738538     1010215      386639
   385  0.8722E+05    -2342.5032    -2342.6041      0.4341  0.3735E+11  0.1394E-10  0.1953E-06      290861      386639      516834      738538
   386  0.8733E+05    -2342.6041    -2342.5032      0.5351  0.1560E+11  0.4077E-13  0.1953E-06       41609      738538      516834      386639
   387  0.8734E+05    -2342.5032    -2342.6041      0.4341  0.3735E+11  0.3210E-10  0.1953E-06      290861      386639      516834      738538
   388  0.8747E+05    -2342.6041    -2342.5032      0.5351  0.1560E+11  0.1044E-10  0.1953E-06       41609      738538      516834      386639
   389  0.8748E+05    -2342.5032    -2342.6041      0.4341  0.3735E+11  0.2287E-10  0.1953E-06      290861      386639      516834      738538
   390  0.8759E+05    -2342.6041    -2342.5032      0.5351  0.1560E+11  0.7186E-10  0.1954E-06       41609      738538      516834      386639
   391  0.8761E+05    -2342.5032    -2342.6041      0.4341  0.3735E+11  0.1187E-10  0.1954E-06      290861      386639      516834      738538
   392  0.8772E+05    -2342.6041    -2342.3326      0.8780  0.1560E+11  0.3999E-10  0.1955E-06     1242945      410709      132199      670671
   393  0.8835E+05    -2342.3326    -2342.6041      0.6064  0.4206E+10  0.9949E-10  0.1956E-06      460456      670671      132199      410709
   394  0.8849E+05    -2342.6041    -2342.5032      0.5351  0.1560E+11  0.3663E-10  0.1956E-06       41609      738538     1010215      386639
   395  0.8849E+05    -2342.5032    -2342.6041      0.4341  0.3735E+11  0.2200E-10  0.1956E-06      290861      386639      516834      738538
   396  0.8861E+05    -2342.6041    -2342.5032      0.5351  0.1560E+11  0.1787E-10  0.1956E-06       41609      738538      516834      386639
   397  0.8861E+05    -2342.5032    -2342.6041      0.4341  0.3735E+11  0.5212E-10  0.1957E-06      290861      386639      516834      738538
   398  0.8873E+05    -2342.6041    -2342.5032      0.5351  0.1560E+11  0.2258E-10  0.1957E-06       41609      738538      516834      386639
   399  0.8874E+05    -2342.5032    -2342.6041      0.4341  0.3735E+11  0.1688E-10  0.1957E-06      290861      386639      516834      738538
   400  0.8886E+05    -2342.6041    -2342.5032      0.5351  0.1560E+11  0.2873E-10  0.1958E-06       41609      738538      516834      386639
   401  0.8887E+05    -2342.5032    -2342.6041      0.4341  0.3735E+11  0.6246E-11  0.1958E-06      290861      386639      516834      738538
   402  0.8898E+05    -2342.6041    -2342.5032      0.5351  0.1560E+11  0.1551E-11  0.1958E-06       41609      738538      516834      386639
   403  0.8899E+05    -2342.5032    -2342.6041      0.4341  0.3735E+11  0.2935E-10  0.1958E-06      290861      386639      516834      738538
   404  0.8912E+05    -2342.6041    -2342.5032      0.5351  0.1560E+11  0.7137E-11  0.1958E-06       41609      738538      516834      386639
   405  0.8913E+05    -2342.5032    -2342.6041      0.4341  0.3735E+11  0.4946E-10  0.1959E-06      290861      386639      516834      738538
   406  0.8924E+05    -2342.6041    -2342.5032      0.5351  0.1560E+11  0.1859E-10  0.1959E-06       41609      738538      516834      386639
   407  0.8925E+05    -2342.5032    -2342.6041      0.4341  0.3735E+11  0.1345E-10  0.1959E-06      290861      386639      516834      738538
   408  0.8936E+05    -2342.6041    -2342.5032      0.5351  0.1560E+11  0.5010E-11  0.1959E-06       41609      738538      516834      386639
   409  0.8938E+05    -2342.5032    -2342.6041      0.4341  0.3735E+11  0.1949E-10  0.1959E-06      290861      386639      516834      738538
   410  0.8949E+05    -2342.6041    -2342.5032      0.5351  0.1560E+11  0.1378E-09  0.1961E-06       41609      738538      516834      386639
   411  0.8950E+05    -2342.5032    -2342.6041      0.4341  0.3735E+11  0.6646E-12  0.1961E-06      290861      386639      516834      738538
   412  0.8962E+05    -2342.6041    -2342.5032      0.5351  0.1560E+11  0.4043E-10  0.1961E-06       41609      738538      516834      386639
   413  0.8962E+05    -2342.5032    -2342.6041      0.4341  0.3735E+11  0.9627E-11  0.1961E-06      290861      386639      516834      738538
   414  0.8974E+05    -2342.6041    -2342.5032      0.5351  0.1560E+11  0.1655E-10  0.1961E-06       41609      738538      516834      386639
   415  0.8975E+05    -2342.5032    -2342.6041      0.4341  0.3735E+11  0.2315E-10  0.1961E-06      290861      386639      516834      738538
   416  0.8986E+05    -2342.6041    -2342.5032      0.5351  0.1560E+11  0.5238E-10  0.1962E-06       41609      738538      516834      386639
   417  0.8987E+05    -2342.5032    -2342.6041      0.4341  0.3735E+11  0.1277E-10  0.1962E-06      290861      386639      516834      738538
   418  0.8998E+05    -2342.6041    -2342.5032      0.5351  0.1560E+11  0.2151E-10  0.1962E-06       41609      738538      516834      386639
   419  0.8999E+05    -2342.5032    -2342.6041      0.4341  0.3735E+11  0.8881E-11  0.1962E-06      290861      386639      516834      738538
   420  0.9010E+05    -2342.6041    -2342.3858      0.5862  0.1560E+11  0.5297E-10  0.1963E-06       25256      209636       13379      901410
   421  0.9011E+05    -2342.3858    -2342.6041      0.3678  0.8887E+11  0.3249E-11  0.1963E-06      683034      901410       13379      209636
   422  0.9022E+05    -2342.6041    -2342.5032      0.5351  0.1560E+11  0.2208E-10  0.1963E-06       41609      738538     1010215      386639
   423  0.9023E+05    -2342.5032    -2342.6041      0.4341  0.3735E+11  0.7407E-14  0.1963E-06      290861      386639      516834      738538
   424  0.9035E+05    -2342.6041    -2342.3858      0.5862  0.1560E+11  0.8923E-10  0.1964E-06       25256      209636       13379      901410
   425  0.9037E+05    -2342.3858    -2342.6041      0.3678  0.8887E+11  0.1004E-10  0.1964E-06      683034      901410       13379      209636
   426  0.9048E+05    -2342.6041    -2342.5032      0.5351  0.1560E+11  0.9621E-10  0.1965E-06       41609      738538     1010215      386639
   427  0.9049E+05    -2342.5032    -2342.6041      0.4341  0.3735E+11  0.3007E-10  0.1965E-06      290861      386639      516834      738538
   428  0.9060E+05    -2342.6041    -2342.5032      0.5351  0.1560E+11  0.7058E-11  0.1966E-06       41609      738538      516834      386639
   429  0.9061E+05    -2342.5032    -2342.6041      0.4341  0.3735E+11  0.8239E-10  0.1966E-06      290861      386639      516834      738538
   430  0.9072E+05    -2342.6041    -2342.5032      0.5351  0.1560E+11  0.1896E-10  0.1967E-06       41609      738538      516834      386639
   431  0.9073E+05    -2342.5032    -2342.6041      0.4341  0.3735E+11  0.3078E-11  0.1967E-06      290861      386639      516834      738538
   432  0.9084E+05    -2342.6041    -2342.5032      0.5351  0.1560E+11  0.3335E-10  0.1967E-06       41609      738538      516834      386639
   433  0.9085E+05    -2342.5032    -2342.6041      0.4341  0.3735E+11  0.1599E-10  0.1967E-06      290861      386639      516834      738538
   434  0.9097E+05    -2342.6041    -2342.3858      0.5862  0.1560E+11  0.7794E-10  0.1968E-06       25256      209636       13379      901410
   435  0.9098E+05    -2342.3858    -2342.6041      0.3678  0.8887E+11  0.5964E-11  0.1968E-06      683034      901410       13379      209636
   436  0.9109E+05    -2342.6041    -2342.5032      0.5351  0.1560E+11  0.1416E-10  0.1968E-06       41609      738538     1010215      386639
   437  0.9110E+05    -2342.5032    -2342.6041      0.4341  0.3735E+11  0.1756E-10  0.1968E-06      290861      386639      516834      738538
   438  0.9121E+05    -2342.6041    -2342.5032      0.5351  0.1560E+11  0.5042E-10  0.1969E-06       41609      738538      516834      386639
   439  0.9122E+05    -2342.5032    -2342.6041      0.4341  0.3735E+11  0.6209E-10  0.1969E-06      290861      386639      516834      738538
   440  0.9133E+05    -2342.6041    -2342.5032      0.5351  0.1560E+11  0.3155E-10  0.1970E-06       41609      738538      516834      386639
   441  0.9134E+05    -2342.5032    -2342.6041      0.4341  0.3735E+11  0.3574E-10  0.1970E-06      290861      386639      516834      738538
   442  0.9146E+05    -2342.6041    -2342.5032      0.5351  0.1560E+11  0.3910E-10  0.1970E-06       41609      738538      516834      386639
   443  0.9147E+05    -2342.5032    -2342.6041      0.4341  0.3735E+11  0.7581E-11  0.1971E-06      290861      386639      516834      738538
   444  0.9159E+05    -2342.6041    -2342.5032      0.5351  0.1560E+11  0.1017E-10  0.1971E-06       41609      738538      516834      386639
   445  0.9159E+05    -2342.5032    -2342.6041      0.4341  0.3735E+11  0.1750E-10  0.1971E-06      290861      386639      516834      738538
   446  0.9171E+05    -2342.6041    -2342.3858      0.5862  0.1560E+11  0.1260E-10  0.1971E-06       25256      209636       13379      901410
   447  0.9172E+05    -2342.3858    -2342.6041      0.3678  0.8887E+11  0.3151E-11  0.1971E-06      683034      901410       13379      209636
   448  0.9183E+05    -2342.6041    -2342.3858      0.5862  0.1560E+11  0.2390E-10  0.1971E-06       25256      209636       13379      901410
   449  0.9184E+05    -2342.3858    -2342.6041      0.3678  0.8887E+11  0.6697E-11  0.1971E-06      683034      901410       13379      209636
   450  0.9195E+05    -2342.6041    -2342.5032      0.5351  0.1560E+11  0.1183E-10  0.1971E-06       41609      738538     1010215      386639
   451  0.9196E+05    -2342.5032    -2342.6041      0.4341  0.3735E+11  0.3015E-11  0.1971E-06      290861      386639      516834      738538
   452  0.9207E+05    -2342.6041    -2342.5032      0.5351  0.1560E+11  0.1121E-11  0.1971E-06       41609      738538      516834      386639
   453  0.9209E+05    -2342.5032    -2342.6041      0.4341  0.3735E+11  0.3168E-11  0.1971E-06      290861      386639      516834      738538
   454  0.9221E+05    -2342.6041    -2342.5032      0.5351  0.1560E+11  0.4255E-10  0.1972E-06       41609      738538      516834      386639
   455  0.9222E+05    -2342.5032    -2342.6041      0.4341  0.3735E+11  0.5290E-10  0.1972E-06      290861      386639      516834      738538
   456  0.9233E+05    -2342.6041    -2342.5032      0.5351  0.1560E+11  0.3868E-10  0.1973E-06       41609      738538      516834      386639
   457  0.9234E+05    -2342.5032    -2342.6041      0.4341  0.3735E+11  0.1194E-09  0.1974E-06      290861      386639      516834      738538
   458  0.9245E+05    -2342.6041    -2342.5032      0.5351  0.1560E+11  0.1329E-10  0.1974E-06       41609      738538      516834      386639
   459  0.9246E+05    -2342.5032    -2342.6041      0.4341  0.3735E+11  0.1180E-10  0.1974E-06      290861      386639      516834      738538
   460  0.9257E+05    -2342.6041    -2342.3858      0.5862  0.1560E+11  0.2544E-11  0.1974E-06       25256      209636       13379      901410
   461  0.9258E+05    -2342.3858    -2342.6041      0.3678  0.8887E+11  0.8680E-11  0.1974E-06      683034      901410       13379      209636
   462  0.9269E+05    -2342.6041    -2342.5032      0.5351  0.1560E+11  0.1942E-10  0.1975E-06       41609      738538     1010215      386639
   463  0.9270E+05    -2342.5032    -2342.6041      0.4341  0.3735E+11  0.2328E-10  0.1975E-06      290861      386639      516834      738538
   464  0.9283E+05    -2342.6041    -2342.3858      0.5862  0.1560E+11  0.1126E-09  0.1976E-06       25256      209636       13379      901410
   465  0.9284E+05    -2342.3858    -2342.6041      0.3678  0.8887E+11  0.1208E-10  0.1976E-06      683034      901410       13379      209636
   466  0.9295E+05    -2342.6041    -2342.3858      0.5862  0.1560E+11  0.3639E-10  0.1976E-06       25256      209636       13379      901410
   467  0.9296E+05    -2342.3858    -2342.6041      0.3678  0.8887E+11  0.1102E-10  0.1976E-06      683034      901410       13379      209636
   468  0.9307E+05    -2342.6041    -2342.5032      0.5351  0.1560E+11  0.6784E-10  0.1977E-06       41609      738538     1010215      386639
   469  0.9308E+05    -2342.5032    -2342.6041      0.4341  0.3735E+11  0.1647E-10  0.1977E-06      290861      386639      516834      738538
   470  0.9320E+05    -2342.6041    -2342.3858      0.5862  0.1560E+11  0.2175E-10  0.1978E-06       25256      209636       13379      901410
   471  0.9321E+05    -2342.3858    -2342.6041      0.3678  0.8887E+11  0.3463E-11  0.1978E-06      683034      901410       13379      209636
   472  0.9333E+05    -2342.6041    -2342.5032      0.5351  0.1560E+11  0.7830E-10  0.1978E-06       41609      738538     1010215      386639
   473  0.9334E+05    -2342.5032    -2342.6041      0.4341  0.3735E+11  0.1473E-10  0.1979E-06      290861      386639      516834      738538
   474  0.9345E+05    -2342.6041    -2342.5032      0.5351  0.1560E+11  0.7235E-10  0.1979E-06       41609      738538      516834      386639
   475  0.9346E+05    -2342.5032    -2342.6041      0.4341  0.3735E+11  0.1058E-10  0.1979E-06      290861      386639      516834      738538
   476  0.9357E+05    -2342.6041    -2342.3858      0.5862  0.1560E+11  0.1353E-10  0.1979E-06       25256      209636       13379      901410
   477  0.9358E+05    -2342.3858    -2342.1760      0.6778  0.8887E+11  0.3193E-11  0.1980E-06     1275244      673057      303237      970577
   478  0.9420E+05    -2342.1760    -2342.3858      0.4679  0.2454E+11  0.8520E-11  0.1980E-06      655209      970577      303237      673057
   479  0.9421E+05    -2342.3858    -2342.6041      0.3674  0.8939E+11  0.1216E-10  0.1980E-06      683034      901410       13379      209636
   480  0.9433E+05    -2342.6041    -2342.5032      0.5350  0.1564E+11  0.7058E-10  0.1980E-06       41609      738538     1010215      386639
   481  0.9434E+05    -2342.5032    -2342.6041      0.4341  0.3738E+11  0.1603E-10  0.1981E-06      290861      386639      516834      738538
   482  0.9445E+05    -2342.6041    -2342.5032      0.5350  0.1561E+11  0.3564E-10  0.1981E-06       41609      738538      516834      386639
   483  0.9446E+05    -2342.5032    -2342.6041      0.4341  0.3738E+11  0.3270E-10  0.1981E-06      290861      386639      516834      738538
   484  0.9457E+05    -2342.6041    -2342.3858      0.5861  0.1561E+11  0.9755E-10  0.1982E-06       25256      209636       13379      901410
   485  0.9458E+05    -2342.3858    -2342.6041      0.3678  0.8889E+11  0.1661E-10  0.1982E-06      683034      901410       13379      209636
   486  0.9469E+05    -2342.6041    -2342.3858      0.5861  0.1561E+11  0.1629E-10  0.1983E-06       25256      209636       13379      901410
   487  0.9470E+05    -2342.3858    -2342.6041      0.3678  0.8889E+11  0.2236E-11  0.1983E-06      683034      901410       13379      209636
   488  0.9481E+05    -2342.6041    -2342.5032      0.5350  0.1561E+11  0.3977E-11  0.1983E-06       41609      738538     1010215      386639
   489  0.9482E+05    -2342.5032    -2342.6041      0.4341  0.3737E+11  0.1386E-10  0.1983E-06      290861      386639      516834      738538
   490  0.9495E+05    -2342.6041    -2342.3858      0.5861  0.1561E+11  0.1252E-10  0.1983E-06       25256      209636       13379      901410
   491  0.9496E+05    -2342.3858    -2342.6041      0.3678  0.8889E+11  0.1492E-10  0.1983E-06      683034      901410       13379      209636
   492  0.9507E+05    -2342.6041    -2342.3858      0.5861  0.1561E+11  0.5782E-10  0.1984E-06       25256      209636       13379      901410
   493  0.9508E+05    -2342.3858    -2342.6041      0.3678  0.8889E+11  0.4092E-11  0.1984E-06      683034      901410       13379      209636
   494  0.9520E+05    -2342.6041    -2342.5032      0.5350  0.1561E+11  0.2564E-10  0.1984E-06       41609      738538     1010215      386639
   495  0.9520E+05    -2342.5032    -2342.6041      0.4341  0.3738E+11  0.1513E-11  0.1984E-06      290861      386639      516834      738538
   496  0.9532E+05    -2342.6041    -2342.5032      0.5350  0.1561E+11  0.3873E-10  0.1984E-06       41609      738538      516834      386639
   497  0.9534E+05    -2342.5032    -2342.6041      0.4341  0.3738E+11  0.1852E-10  0.1984E-06      290861      386639      516834      738538
   498  0.9545E+05    -2342.6041    -2342.5032      0.5350  0.1561E+11  0.4248E-11  0.1985E-06       41609      738538      516834      386639
   499  0.9547E+05    -2342.5032    -2342.6041      0.4341  0.3738E+11  0.1344E-10  0.1985E-06      290861      386639      516834      738538
   500  0.9558E+05    -2342.6041    -2342.5032      0.5350  0.1561E+11  0.4644E-10  0.1985E-06       41609      738538      516834      386639
